NaN	NaN	NaN	
NaN	NaN	NaN	
NaN	NaN	NaN	
NaN	NaN	NaN	
NaN	NaN	NaN	
NaN	NaN	NaN	
NaN	NaN	NaN	
NaN	NaN	NaN	
NaN	NaN	NaN	
NaN	NaN	NaN	
NaN	NaN	NaN	
NaN	NaN	NaN	
NaN	NaN	NaN	
NaN	NaN	NaN	
NaN	NaN	NaN	
NaN	NaN	NaN	
NaN	NaN	NaN	
NaN	NaN	NaN	
NaN	NaN	NaN	
NaN	NaN	NaN	
NaN	NaN	NaN	
NaN	NaN	NaN	
NaN	NaN	NaN	
NaN	NaN	NaN	
NaN	NaN	NaN	
NaN	NaN	NaN	
NaN	NaN	NaN	
NaN	NaN	NaN	
NaN	NaN	NaN	
NaN	NaN	NaN	
NaN	NaN	NaN	
NaN	NaN	NaN	
NaN	NaN	NaN	
NaN	NaN	NaN	
NaN	NaN	NaN	
NaN	NaN	NaN	
NaN	NaN	NaN	
NaN	NaN	NaN	
NaN	NaN	NaN	
NaN	NaN	NaN	
NaN	NaN	NaN	
NaN	NaN	NaN	
NaN	NaN	NaN	
NaN	NaN	NaN	
NaN	NaN	NaN	
NaN	NaN	NaN	
NaN	NaN	NaN	
NaN	NaN	NaN	
NaN	NaN	NaN	
NaN	NaN	NaN	
NaN	NaN	NaN	
NaN	NaN	NaN	
NaN	NaN	NaN	
NaN	NaN	NaN	
NaN	NaN	NaN	
NaN	NaN	NaN	
NaN	NaN	NaN	
NaN	NaN	NaN	
NaN	NaN	NaN	
NaN	NaN	NaN	
NaN	NaN	NaN	
NaN	NaN	NaN	
NaN	NaN	NaN	
NaN	NaN	NaN	
NaN	NaN	NaN	
NaN	NaN	NaN	
NaN	NaN	NaN	
NaN	NaN	NaN	
NaN	NaN	NaN	
NaN	NaN	NaN	
NaN	NaN	NaN	
NaN	NaN	NaN	
NaN	NaN	NaN	
NaN	NaN	NaN	
NaN	NaN	NaN	
NaN	NaN	NaN	
NaN	NaN	NaN	
NaN	NaN	NaN	
NaN	NaN	NaN	
NaN	NaN	NaN	
NaN	NaN	NaN	
NaN	NaN	NaN	
NaN	NaN	NaN	
NaN	NaN	NaN	
NaN	NaN	NaN	
NaN	NaN	NaN	
NaN	NaN	NaN	
NaN	NaN	NaN	
NaN	NaN	NaN	
NaN	NaN	NaN	
NaN	NaN	NaN	
NaN	NaN	NaN	
NaN	NaN	NaN	
NaN	NaN	NaN	
NaN	NaN	NaN	
NaN	NaN	NaN	
NaN	NaN	NaN	
NaN	NaN	NaN	
NaN	NaN	NaN	
NaN	NaN	NaN	
NaN	NaN	NaN	
NaN	NaN	NaN	
NaN	NaN	NaN	
NaN	NaN	NaN	
NaN	NaN	NaN	
NaN	NaN	NaN	
NaN	NaN	NaN	
NaN	NaN	NaN	
NaN	NaN	NaN	
NaN	NaN	NaN	
NaN	NaN	NaN	
NaN	NaN	NaN	
NaN	NaN	NaN	
NaN	NaN	NaN	
NaN	NaN	NaN	
NaN	NaN	NaN	
NaN	NaN	NaN	
NaN	NaN	NaN	
NaN	NaN	NaN	
NaN	NaN	NaN	
NaN	NaN	NaN	
NaN	NaN	NaN	
NaN	NaN	NaN	
NaN	NaN	NaN	
NaN	NaN	NaN	
NaN	NaN	NaN	
NaN	NaN	NaN	
NaN	NaN	NaN	
NaN	NaN	NaN	
NaN	NaN	NaN	
NaN	NaN	NaN	
NaN	NaN	NaN	
NaN	NaN	NaN	
NaN	NaN	NaN	
NaN	NaN	NaN	
NaN	NaN	NaN	
NaN	NaN	NaN	
NaN	NaN	NaN	
NaN	NaN	NaN	
NaN	NaN	NaN	
NaN	NaN	NaN	
NaN	NaN	NaN	
NaN	NaN	NaN	
NaN	NaN	NaN	
NaN	NaN	NaN	
NaN	NaN	NaN	
NaN	NaN	NaN	
NaN	NaN	NaN	
NaN	NaN	NaN	
NaN	NaN	NaN	
NaN	NaN	NaN	
NaN	NaN	NaN	
NaN	NaN	NaN	
NaN	NaN	NaN	
NaN	NaN	NaN	
NaN	NaN	NaN	
NaN	NaN	NaN	
NaN	NaN	NaN	
NaN	NaN	NaN	
NaN	NaN	NaN	
NaN	NaN	NaN	
NaN	NaN	NaN	
NaN	NaN	NaN	
NaN	NaN	NaN	
NaN	NaN	NaN	
NaN	NaN	NaN	
NaN	NaN	NaN	
NaN	NaN	NaN	
NaN	NaN	NaN	
NaN	NaN	NaN	
NaN	NaN	NaN	
NaN	NaN	NaN	
NaN	NaN	NaN	
NaN	NaN	NaN	
NaN	NaN	NaN	
NaN	NaN	NaN	
NaN	NaN	NaN	
NaN	NaN	NaN	
NaN	NaN	NaN	
NaN	NaN	NaN	
NaN	NaN	NaN	
NaN	NaN	NaN	
NaN	NaN	NaN	
NaN	NaN	NaN	
NaN	NaN	NaN	
NaN	NaN	NaN	
NaN	NaN	NaN	
NaN	NaN	NaN	
NaN	NaN	NaN	
NaN	NaN	NaN	
NaN	NaN	NaN	
NaN	NaN	NaN	
NaN	NaN	NaN	
NaN	NaN	NaN	
NaN	NaN	NaN	
NaN	NaN	NaN	
NaN	NaN	NaN	
NaN	NaN	NaN	
NaN	NaN	NaN	
NaN	NaN	NaN	
NaN	NaN	NaN	
NaN	NaN	NaN	
NaN	NaN	NaN	
NaN	NaN	NaN	
NaN	NaN	NaN	
NaN	NaN	NaN	
NaN	NaN	NaN	
NaN	NaN	NaN	
NaN	NaN	NaN	
NaN	NaN	NaN	
NaN	NaN	NaN	
NaN	NaN	NaN	
NaN	NaN	NaN	
NaN	NaN	NaN	
NaN	NaN	NaN	
NaN	NaN	NaN	
NaN	NaN	NaN	
NaN	NaN	NaN	
NaN	NaN	NaN	
NaN	NaN	NaN	
NaN	NaN	NaN	
NaN	NaN	NaN	
NaN	NaN	NaN	
NaN	NaN	NaN	
NaN	NaN	NaN	
NaN	NaN	NaN	
NaN	NaN	NaN	
NaN	NaN	NaN	
NaN	NaN	NaN	
NaN	NaN	NaN	
NaN	NaN	NaN	
NaN	NaN	NaN	
NaN	NaN	NaN	
NaN	NaN	NaN	
NaN	NaN	NaN	
NaN	NaN	NaN	
NaN	NaN	NaN	
NaN	NaN	NaN	
NaN	NaN	NaN	
NaN	NaN	NaN	
NaN	NaN	NaN	
NaN	NaN	NaN	
NaN	NaN	NaN	
NaN	NaN	NaN	
NaN	NaN	NaN	
NaN	NaN	NaN	
NaN	NaN	NaN	
NaN	NaN	NaN	
NaN	NaN	NaN	
NaN	NaN	NaN	
NaN	NaN	NaN	
NaN	NaN	NaN	
NaN	NaN	NaN	
NaN	NaN	NaN	
NaN	NaN	NaN	
NaN	NaN	NaN	
NaN	NaN	NaN	
NaN	NaN	NaN	
NaN	NaN	NaN	
NaN	NaN	NaN	
NaN	NaN	NaN	
NaN	NaN	NaN	
NaN	NaN	NaN	
NaN	NaN	NaN	
NaN	NaN	NaN	
NaN	NaN	NaN	
NaN	NaN	NaN	
NaN	NaN	NaN	
NaN	NaN	NaN	
NaN	NaN	NaN	
NaN	NaN	NaN	
NaN	NaN	NaN	
NaN	NaN	NaN	
NaN	NaN	NaN	
NaN	NaN	NaN	
NaN	NaN	NaN	
NaN	NaN	NaN	
NaN	NaN	NaN	
NaN	NaN	NaN	
NaN	NaN	NaN	
NaN	NaN	NaN	
NaN	NaN	NaN	
NaN	NaN	NaN	
NaN	NaN	NaN	
NaN	NaN	NaN	
NaN	NaN	NaN	
NaN	NaN	NaN	
NaN	NaN	NaN	
NaN	NaN	NaN	
NaN	NaN	NaN	
NaN	NaN	NaN	
NaN	NaN	NaN	
NaN	NaN	NaN	
NaN	NaN	NaN	
NaN	NaN	NaN	
NaN	NaN	NaN	
NaN	NaN	NaN	
NaN	NaN	NaN	
NaN	NaN	NaN	
0.339896	0.216502	0.264516	
0.356737	0.223625	0.274915	
0.356045	0.223401	0.274541	
0.354424	0.224869	0.275160	
0.342784	0.223981	0.270931	
0.365829	0.238143	0.288489	
0.373173	0.234349	0.287900	
0.369017	0.243878	0.293672	
0.372718	0.222121	0.278356	
0.374872	0.244318	0.295832	
0.357551	0.230435	0.280252	
0.367915	0.246441	0.295168	
0.369488	0.248382	0.297066	
0.354274	0.249275	0.292641	
0.354177	0.247316	0.291254	
0.344254	0.242580	0.284609	
0.347604	0.245412	0.287703	
0.334514	0.242569	0.281217	
0.317146	0.247200	0.277838	
0.303754	0.237333	0.266467	
0.277247	0.233494	0.253497	
0.269323	0.219655	0.241967	
0.255949	0.210716	0.231140	
0.240310	0.199117	0.217783	
0.239806	0.199194	0.217621	
0.234473	0.204708	0.218582	
0.213314	0.183913	0.197525	
0.224548	0.209406	0.216713	
0.205952	0.191480	0.198452	
0.201887	0.189548	0.195523	
0.188006	0.181110	0.184493	
0.182938	0.179702	0.181306	
0.189176	0.188905	0.189040	
0.183741	0.186724	0.185220	
0.200669	0.205781	0.203193	
0.187240	0.200396	0.193595	
0.195720	0.216150	0.205428	
0.196785	0.214387	0.205210	
0.203039	0.235093	0.217894	
0.203138	0.244411	0.221871	
0.190803	0.193298	0.192042	
0.173879	0.218272	0.193563	
0.189902	0.250248	0.215938	
0.191971	0.258604	0.220360	
0.193548	0.255747	0.220342	
0.205202	0.279803	0.236765	
0.192771	0.249391	0.217456	
0.192615	0.247918	0.216795	
0.195815	0.249881	0.219568	
0.211738	0.273810	0.238806	
0.206697	0.266634	0.232871	
0.209046	0.268555	0.235093	
0.208333	0.267640	0.234292	
0.215701	0.285220	0.245636	
0.214795	0.274604	0.241045	
0.201665	0.246645	0.221898	
0.218202	0.248302	0.232281	
0.221535	0.271511	0.243990	
0.214103	0.258834	0.234353	
0.211765	0.267568	0.236418	
0.219183	0.262216	0.238776	
0.224383	0.291516	0.253582	
0.243063	0.297379	0.267491	
0.271857	0.350937	0.306377	
0.262723	0.323961	0.290146	
0.288531	0.346215	0.314752	
0.272319	0.344296	0.304106	
0.303316	0.368483	0.332739	
0.293830	0.354052	0.321142	
0.287338	0.356025	0.318015	
0.283657	0.349268	0.313062	
0.302594	0.363322	0.330189	
0.284027	0.323540	0.302499	
0.295520	0.350943	0.320856	
0.282657	0.354520	0.314536	
0.281654	0.346996	0.310929	
0.280962	0.333986	0.305188	
0.280718	0.333084	0.304667	
0.285441	0.341874	0.311119	
0.307917	0.338324	0.322405	
0.302400	0.360549	0.328924	
0.310702	0.351886	0.330014	
0.310978	0.363401	0.335152	
0.317248	0.352230	0.333825	
0.324646	0.369597	0.345666	
0.344040	0.390329	0.365726	
0.345926	0.388908	0.366160	
0.345326	0.381973	0.362726	
0.332532	0.382251	0.355663	
0.333535	0.384000	0.356993	
0.332536	0.377077	0.353409	
0.338648	0.379174	0.357767	
0.341088	0.387769	0.362933	
0.343629	0.393404	0.366836	
0.332239	0.385121	0.356731	
0.329102	0.396144	0.359525	
0.335222	0.399148	0.364403	
0.339275	0.388171	0.362080	
0.325922	0.378140	0.350094	
0.332753	0.401470	0.363896	
0.342593	0.396916	0.367759	
0.347332	0.419071	0.379844	
0.336043	0.415454	0.371553	
0.324108	0.413542	0.363404	
0.307539	0.365450	0.334003	
0.304581	0.399185	0.345525	
0.295152	0.400231	0.339752	
0.288146	0.384495	0.329420	
0.290711	0.388804	0.332677	
0.298960	0.410336	0.345904	
0.291723	0.404592	0.339010	
0.285750	0.424729	0.341647	
0.295906	0.423509	0.348391	
0.295965	0.440965	0.354200	
0.283444	0.426786	0.340650	
0.300169	0.422659	0.351035	
0.316582	0.414357	0.358930	
0.333333	0.420661	0.371940	
0.346753	0.402242	0.372442	
0.345140	0.411037	0.375217	
0.337950	0.392512	0.363194	
0.348837	0.438914	0.388726	
0.371622	0.449047	0.406682	
0.372399	0.468996	0.415153	
0.378287	0.480034	0.423130	
0.350561	0.436154	0.388701	
0.353779	0.453560	0.397504	
0.350192	0.446107	0.392373	
0.371974	0.469172	0.414957	
0.372373	0.464233	0.413260	
0.389616	0.482200	0.430992	
0.381367	0.462978	0.418229	
0.408241	0.477827	0.440301	
0.419517	0.480920	0.448125	
0.421320	0.472445	0.445420	
0.422314	0.480084	0.449350	
0.422545	0.428063	0.425286	
0.431606	0.470483	0.450207	
0.408971	0.450106	0.428553	
0.416002	0.431978	0.423839	
0.419668	0.456796	0.437446	
0.423451	0.459675	0.440820	
0.405235	0.440348	0.422062	
0.410200	0.427801	0.418815	
0.394737	0.438480	0.415460	
0.375523	0.417579	0.395436	
0.367549	0.406789	0.386175	
0.362597	0.419645	0.389041	
0.361727	0.414212	0.386195	
0.360191	0.425812	0.390262	
0.357381	0.415444	0.384231	
0.362611	0.402076	0.381325	
0.367592	0.419147	0.391680	
0.375959	0.422745	0.397982	
0.371059	0.433148	0.399707	
0.367956	0.419777	0.392162	
0.394507	0.432339	0.412557	
0.379278	0.443409	0.408844	
0.382314	0.448873	0.412928	
0.379750	0.452794	0.413068	
0.391275	0.457735	0.421904	
0.399146	0.485387	0.438062	
0.406588	0.476255	0.438673	
0.421002	0.462385	0.440725	
0.425768	0.489535	0.455431	
0.415864	0.496578	0.452651	
0.438609	0.514513	0.473538	
0.440909	0.524892	0.479249	
0.432107	0.473631	0.451917	
0.430209	0.508672	0.466162	
0.430930	0.519484	0.471082	
0.433249	0.521787	0.473414	
0.440714	0.524741	0.479071	
0.446555	0.525741	0.482923	
0.434321	0.527957	0.476583	
0.432507	0.532614	0.477369	
0.456311	0.543924	0.496280	
0.454168	0.555080	0.499579	
0.446600	0.555586	0.495167	
0.445249	0.554522	0.493914	
0.400317	0.557305	0.465943	
0.385282	0.545221	0.451506	
0.367063	0.547986	0.439639	
0.343472	0.530521	0.416980	
0.352596	0.523194	0.421279	
0.349859	0.542200	0.425294	
0.349622	0.555282	0.429081	
0.366816	0.576841	0.448456	
0.369514	0.573601	0.449476	
0.369263	0.606051	0.458913	
0.364491	0.606193	0.455250	
0.340197	0.604682	0.435423	
0.353438	0.581636	0.439692	
0.349031	0.590105	0.438626	
0.339766	0.593867	0.432238	
0.345773	0.591030	0.436297	
0.340774	0.606299	0.436314	
0.350967	0.624517	0.449387	
0.342772	0.604611	0.437508	
0.337938	0.613149	0.435725	
0.321068	0.533961	0.401010	
0.339785	0.589752	0.431159	
0.351188	0.602834	0.443822	
0.350000	0.605419	0.443568	
0.360120	0.621369	0.455976	
0.380933	0.625247	0.473429	
0.361256	0.635071	0.460538	
0.357484	0.628994	0.455875	
0.368411	0.613894	0.460479	
0.364475	0.622528	0.459767	
0.346806	0.622951	0.445561	
0.353009	0.639190	0.454828	
0.332344	0.632992	0.435851	
0.344068	0.603369	0.438235	
0.347276	0.604947	0.441248	
0.331260	0.610999	0.429605	
0.327996	0.628128	0.430955	
0.328110	0.614092	0.427700	
0.336568	0.625088	0.437546	
0.340202	0.620855	0.439550	
0.335053	0.617388	0.434373	
0.343109	0.623667	0.442679	
0.328509	0.621622	0.429853	
0.310252	0.606619	0.410537	
0.318006	0.596809	0.414923	
0.300794	0.608209	0.402519	
0.297785	0.624025	0.403175	
0.308345	0.601956	0.407799	
0.311533	0.610080	0.412450	
0.320251	0.623748	0.423212	
0.319627	0.612550	0.420065	
0.302811	0.590183	0.400258	
0.309685	0.532086	0.391506	
0.315162	0.586268	0.409947	
0.301433	0.596727	0.400537	
0.291260	0.573967	0.386427	
0.291215	0.569861	0.385453	
0.280676	0.574220	0.377051	
0.298877	0.596585	0.398243	
0.290840	0.578136	0.386996	
0.293498	0.593132	0.392685	
0.286318	0.602669	0.388206	
0.284613	0.609695	0.388070	
0.275950	0.636130	0.384922	
0.254838	0.556989	0.349685	
0.280106	0.597105	0.381328	
0.262809	0.579473	0.361615	
0.262579	0.574553	0.360435	
0.238958	0.518969	0.327240	
0.241253	0.510070	0.327571	
0.256577	0.553336	0.350589	
0.277852	0.558812	0.371158	
0.272727	0.541632	0.362783	
0.279194	0.572271	0.375294	
0.230571	0.507583	0.317098	
0.212902	0.491642	0.297133	
0.211653	0.482842	0.294300	
0.200202	0.482691	0.283019	
0.197927	0.485301	0.281178	
0.193298	0.490155	0.277257	
0.209302	0.487536	0.292873	
0.214150	0.509991	0.301638	
0.230905	0.555608	0.326231	
0.235886	0.542688	0.328839	
0.271947	0.551375	0.364244	
0.272814	0.585838	0.372269	
0.271193	0.591104	0.371805	
0.243775	0.565704	0.340724	
0.241035	0.573437	0.339406	
0.238136	0.532604	0.329118	
0.226166	0.517958	0.314852	
0.215981	0.497802	0.301256	
0.241883	0.527674	0.331712	
0.213748	0.510734	0.301370	
0.210406	0.518121	0.299278	
0.228250	0.545364	0.321812	
0.245650	0.559170	0.341344	
0.228741	0.531844	0.319897	
0.224699	0.523197	0.314380	
0.244436	0.568243	0.341830	
0.240016	0.573848	0.338466	
0.278962	0.602482	0.381351	
0.270392	0.599335	0.372658	
0.254956	0.552880	0.348982	
0.278219	0.577190	0.375458	
0.266445	0.578400	0.364828	
0.250859	0.576137	0.349528	
0.240099	0.534735	0.331398	
0.223017	0.535592	0.314908	
0.213278	0.522141	0.302851	
0.215759	0.534567	0.307434	
0.212940	0.506938	0.299904	
0.211093	0.566451	0.307568	
0.201561	0.530030	0.292057	
0.238740	0.579556	0.338174	
0.213458	0.536807	0.305454	
0.208764	0.488362	0.292493	
0.199773	0.532762	0.290584	
0.207836	0.545997	0.301069	
0.209599	0.558247	0.304770	
0.208026	0.536560	0.299813	
0.190295	0.503629	0.276221	
0.183817	0.473077	0.264760	
0.176078	0.470030	0.256186	
0.191603	0.509637	0.278501	
0.205269	0.526202	0.295331	
0.200612	0.520381	0.289586	
0.208140	0.556186	0.302920	
0.224333	0.609542	0.327963	
0.209261	0.549689	0.303125	
0.201356	0.503597	0.287685	
0.204221	0.533613	0.295392	
0.200739	0.497110	0.285991	
0.190800	0.510768	0.277819	
0.171388	0.474702	0.251847	
0.181051	0.456869	0.259332	
0.170267	0.454237	0.247689	
0.174643	0.482818	0.256504	
0.199877	0.503086	0.286090	
0.253435	0.605322	0.357283	
0.302295	0.654630	0.413598	
0.319349	0.713714	0.441258	
0.314247	0.683557	0.430557	
0.331735	0.694915	0.449087	
0.334193	0.712496	0.454980	
0.348091	0.726816	0.470735	
0.340020	0.724547	0.462837	
0.342794	0.739376	0.468418	
0.339119	0.700992	0.457105	
0.338163	0.709940	0.458114	
0.349639	0.715005	0.469628	
0.323010	0.704634	0.442962	
0.307950	0.699420	0.427621	
0.301676	0.697626	0.421208	
0.295627	0.722480	0.419572	
0.296476	0.713844	0.418952	
0.313248	0.748456	0.441653	
0.320745	0.751580	0.449612	
0.326908	0.754402	0.456150	
0.317684	0.746514	0.445698	
0.332675	0.759014	0.462595	
0.327145	0.752799	0.456087	
0.305293	0.746017	0.433276	
0.305790	0.745472	0.433685	
0.288909	0.748814	0.416950	
0.287809	0.727056	0.412377	
0.292814	0.716869	0.415792	
0.294063	0.721593	0.417846	
0.286521	0.699246	0.406482	
0.299079	0.719310	0.422492	
0.303177	0.691121	0.421467	
0.320022	0.695074	0.438262	
0.329216	0.704694	0.448775	
0.339604	0.722305	0.461994	
0.338141	0.698987	0.455789	
0.331239	0.699849	0.449656	
0.346982	0.691302	0.462050	
0.339934	0.683522	0.454054	
0.340791	0.703725	0.459205	
0.320975	0.676069	0.435290	
0.320880	0.639242	0.427279	
0.316818	0.681603	0.432571	
0.337503	0.696978	0.454783	
0.351654	0.705088	0.469267	
0.354263	0.708362	0.472314	
0.366033	0.737644	0.489277	
0.372551	0.744017	0.496493	
0.376028	0.756746	0.502409	
0.397066	0.761163	0.521886	
0.403035	0.770825	0.529313	
0.422708	0.775103	0.547068	
0.449260	0.781250	0.570470	
0.459688	0.789861	0.581153	
0.482295	0.803038	0.602647	
0.489680	0.804564	0.608817	
0.499848	0.793513	0.613342	
0.510713	0.773117	0.615098	
0.524284	0.779407	0.626883	
0.530684	0.777868	0.630930	
0.539664	0.779812	0.637885	
0.510584	0.750297	0.607654	
0.522134	0.767306	0.621412	
0.513415	0.752763	0.610467	
0.511014	0.752771	0.608769	
0.507039	0.742350	0.602535	
0.522212	0.754037	0.617069	
0.511123	0.747290	0.607045	
0.514325	0.746166	0.608924	
0.516751	0.745602	0.610433	
0.515026	0.741477	0.607846	
0.515695	0.745600	0.609695	
0.521244	0.741215	0.612066	
0.525289	0.717220	0.606431	
0.511232	0.741890	0.605333	
0.510962	0.743369	0.605635	
0.528425	0.756357	0.622173	
0.543140	0.752792	0.631007	
0.557740	0.753282	0.640928	
0.579215	0.752406	0.654548	
0.570629	0.750694	0.648393	
0.573115	0.756988	0.652342	
0.581739	0.765776	0.661190	
0.572186	0.755610	0.651229	
0.566227	0.754503	0.646945	
0.561848	0.753537	0.643725	
0.559986	0.747631	0.640345	
0.552548	0.743268	0.633873	
0.543526	0.747948	0.629558	
0.522405	0.739684	0.612341	
0.544329	0.755745	0.632847	
0.540292	0.752297	0.628908	
0.526589	0.747024	0.617731	
0.546927	0.764478	0.637658	
0.536376	0.761889	0.629547	
0.538681	0.772921	0.634884	
0.535298	0.772248	0.632303	
0.530437	0.760020	0.624806	
0.521724	0.761322	0.619152	
0.506335	0.754941	0.606137	
0.511554	0.736861	0.603877	
0.518428	0.756408	0.615205	
0.520281	0.756298	0.616472	
0.561094	0.771352	0.649634	
0.578237	0.779307	0.663881	
0.605025	0.764520	0.675485	
0.592069	0.772032	0.670179	
0.610110	0.787051	0.687377	
0.621355	0.788620	0.695066	
0.629952	0.795909	0.703273	
0.629561	0.791538	0.701318	
0.622828	0.805627	0.702531	
0.619168	0.808497	0.701278	
0.620316	0.807667	0.701701	
0.600458	0.812780	0.690670	
0.591953	0.817385	0.686640	
0.596063	0.828972	0.693484	
0.599571	0.830942	0.696545	
0.594387	0.852766	0.700511	
0.594034	0.841507	0.696440	
0.573915	0.843853	0.683186	
0.595313	0.826514	0.692116	
0.596991	0.844466	0.699485	
0.571495	0.834547	0.678414	
0.575465	0.835839	0.681633	
0.593396	0.857537	0.701423	
0.570153	0.838992	0.678928	
0.589132	0.836731	0.691434	
0.598749	0.856504	0.704800	
0.597452	0.859919	0.705051	
0.610007	0.871258	0.717594	
0.624360	0.862993	0.724533	
0.620991	0.850673	0.717909	
0.622160	0.866397	0.724242	
0.600900	0.850258	0.704155	
0.599543	0.837788	0.698920	
0.599071	0.848511	0.702300	
0.583385	0.816012	0.680363	
0.570649	0.853749	0.684066	
0.568748	0.840607	0.678457	
0.576750	0.848006	0.686556	
0.563372	0.856904	0.679805	
0.575686	0.868632	0.692451	
0.558148	0.854755	0.675319	
0.564191	0.868775	0.684112	
0.552858	0.850289	0.670050	
0.521585	0.823677	0.638712	
0.517983	0.830508	0.638030	
0.536615	0.824362	0.650070	
0.527185	0.846397	0.649700	
0.488693	0.816206	0.611349	
0.462684	0.810079	0.588972	
0.470505	0.810103	0.595276	
0.458633	0.766588	0.573909	
0.425462	0.758065	0.545028	
0.433819	0.739419	0.546818	
0.441898	0.717399	0.546913	
0.472458	0.721099	0.570880	
0.467083	0.712863	0.564375	
0.479015	0.711382	0.572519	
0.458360	0.675957	0.546287	
0.452244	0.652703	0.534290	
0.447872	0.652039	0.531007	
0.432194	0.578406	0.494723	
0.439122	0.613497	0.511866	
0.406574	0.603338	0.485788	
0.423244	0.613065	0.500770	
0.418990	0.617855	0.499351	
0.406818	0.596667	0.483784	
0.392905	0.513799	0.445293	
0.390921	0.583553	0.468197	
0.378521	0.583446	0.459156	
0.351784	0.562546	0.432874	
0.361566	0.561131	0.439767	
0.346606	0.578987	0.433626	
0.332271	0.548872	0.413950	
0.333632	0.573518	0.421857	
0.323152	0.560676	0.409997	
0.302171	0.539130	0.387280	
0.304862	0.570960	0.397487	
0.303604	0.552459	0.391860	
0.300267	0.546117	0.387486	
0.298427	0.524073	0.380298	
0.305747	0.537157	0.389686	
0.296464	0.528698	0.379901	
0.288951	0.471698	0.358372	
0.293741	0.535387	0.379351	
0.288321	0.539249	0.375743	
0.278976	0.527165	0.364865	
0.275428	0.495146	0.353962	
0.257391	0.520211	0.344386	
0.267234	0.508951	0.350455	
0.249319	0.461345	0.323703	
0.237174	0.462687	0.313597	
0.229839	0.471507	0.309036	
0.229215	0.462894	0.306605	
0.236281	0.463523	0.313007	
0.233396	0.456542	0.308883	
0.230213	0.447276	0.303971	
0.225378	0.459384	0.302397	
0.221323	0.444444	0.295495	
0.207608	0.345011	0.259227	
0.217822	0.447734	0.293067	
0.200723	0.402904	0.267954	
0.199282	0.399640	0.265948	
0.205699	0.439163	0.280170	
0.207398	0.453757	0.284678	
0.200089	0.424812	0.272043	
0.188845	0.405278	0.257639	
0.201307	0.468085	0.281536	
0.203991	0.418562	0.274299	
0.205712	0.421389	0.276462	
0.193285	0.447950	0.270048	
0.191129	0.420947	0.262893	
0.195044	0.443170	0.270873	
0.190433	0.425832	0.263174	
0.181518	0.405690	0.250814	
0.180275	0.411950	0.250798	
0.175057	0.421397	0.247357	
0.176824	0.406151	0.246381	
0.177911	0.398964	0.246085	
0.168170	0.408991	0.238339	
0.168341	0.374468	0.232267	
0.156955	0.384350	0.222890	
0.152518	0.355705	0.213494	
0.144517	0.364169	0.206919	
0.146604	0.373508	0.210562	
0.130904	0.346841	0.190072	
0.121885	0.337516	0.179095	
0.129187	0.328068	0.185376	
0.121634	0.316808	0.175780	
0.118765	0.320924	0.173370	
0.113977	0.337969	0.170467	
0.122101	0.257485	0.165650	
0.110716	0.301818	0.162004	
0.106655	0.298089	0.157100	
0.098120	0.273308	0.144399	
0.098279	0.304775	0.148630	
0.096103	0.287417	0.144042	
0.092076	0.278447	0.138390	
0.097228	0.302740	0.147186	
0.095238	0.291777	0.143603	
0.089269	0.271831	0.134401	
0.083113	0.250996	0.124876	
0.101073	0.296978	0.150817	
0.104363	0.291824	0.153744	
0.089726	0.284661	0.136444	
0.089893	0.264286	0.134155	
0.087207	0.242344	0.128259	
0.088547	0.233503	0.128402	
0.070250	0.221397	0.106657	
0.075663	0.238602	0.114892	
0.070736	0.202497	0.104847	
0.075489	0.229462	0.113604	
0.079772	0.244898	0.120344	
0.076663	0.254808	0.117865	
0.072485	0.233487	0.110626	
0.076849	0.255183	0.118125	
0.073057	0.249603	0.113031	
0.068034	0.226357	0.104622	
0.079091	0.246809	0.119793	
0.071528	0.224490	0.108489	
0.087461	0.260292	0.130929	
0.092517	0.271638	0.138024	
0.103336	0.281211	0.151135	
0.116419	0.256909	0.160230	
0.116460	0.288965	0.166013	
0.134896	0.316719	0.189206	
0.137398	0.329897	0.193998	
0.119755	0.279592	0.167687	
0.137931	0.302304	0.189431	
0.147009	0.298546	0.197008	
0.147589	0.309043	0.199773	
0.158071	0.285174	0.203399	
0.191481	0.324845	0.240939	
0.196761	0.322709	0.244467	
0.227098	0.379421	0.284132	
0.261549	0.426146	0.324150	
0.294640	0.472774	0.363032	
0.306008	0.504390	0.380917	
0.350740	0.536065	0.424038	
0.415578	0.604079	0.492405	
0.460929	0.657355	0.541891	
0.534422	0.702439	0.607019	
0.582973	0.724205	0.645959	
0.615566	0.754568	0.678016	
0.639268	0.777601	0.701682	
0.641121	0.793914	0.709383	
0.652528	0.802224	0.719674	
0.642277	0.813590	0.717854	
0.656404	0.818584	0.728578	
0.648419	0.817580	0.723240	
0.645487	0.830594	0.726434	
0.642393	0.835188	0.726213	
0.646368	0.842749	0.731609	
0.647554	0.852092	0.735874	
0.654300	0.857771	0.742345	
0.668070	0.855859	0.750394	
0.652273	0.870139	0.745617	
0.673197	0.881440	0.763372	
0.656608	0.880927	0.752404	
0.668615	0.887701	0.762737	
0.668312	0.891245	0.763845	
0.670006	0.889958	0.764476	
0.679108	0.893262	0.771601	
0.678056	0.897991	0.772678	
0.689759	0.902111	0.781771	
0.687630	0.906789	0.782148	
0.696452	0.902044	0.786027	
0.689508	0.903785	0.782238	
0.683870	0.903990	0.778673	
0.689700	0.896834	0.779745	
0.689797	0.903223	0.782213	
0.689298	0.886940	0.775728	
0.693658	0.905344	0.785489	
0.698675	0.892967	0.783962	
0.697832	0.885795	0.780659	
0.700320	0.882426	0.780897	
0.701851	0.890248	0.784903	
0.703364	0.891850	0.786472	
0.707906	0.888898	0.788144	
0.701824	0.897413	0.787658	
0.698335	0.914027	0.791754	
0.691974	0.921543	0.790427	
0.689934	0.919000	0.788161	
0.686309	0.921473	0.786693	
0.689517	0.925609	0.790308	
0.680230	0.916498	0.780884	
0.692351	0.927241	0.792763	
0.683340	0.918229	0.783560	
0.666957	0.916115	0.771928	
0.662333	0.909006	0.766308	
0.664536	0.918605	0.771183	
0.673038	0.911557	0.774346	
0.679449	0.915234	0.779911	
0.670960	0.915743	0.774470	
0.668576	0.909123	0.770511	
0.665400	0.916098	0.770878	
0.657917	0.919290	0.766946	
0.656032	0.908311	0.761829	
0.655519	0.909882	0.762035	
0.666667	0.909386	0.769336	
0.666249	0.919872	0.772783	
0.673067	0.923642	0.778693	
0.666710	0.916824	0.772015	
0.653153	0.915836	0.762505	
0.649531	0.916858	0.760383	
0.649214	0.915034	0.759538	
0.646865	0.918030	0.758954	
0.655455	0.911444	0.762538	
0.649823	0.899162	0.754424	
0.635495	0.899319	0.744732	
0.637569	0.898934	0.746021	
0.644518	0.894563	0.749229	
0.640545	0.890316	0.745054	
0.646320	0.899122	0.752044	
0.645027	0.908299	0.754352	
0.655263	0.916705	0.764243	
0.639135	0.906371	0.749649	
0.636625	0.908848	0.748762	
0.649322	0.897596	0.753536	
0.643506	0.879944	0.743378	
0.648185	0.891300	0.750546	
0.643187	0.896098	0.748865	
0.648845	0.887633	0.749684	
0.641807	0.893327	0.746962	
0.651694	0.883890	0.750237	
0.643189	0.890761	0.746997	
0.630708	0.883407	0.735970	
0.632092	0.885521	0.737646	
0.621138	0.888090	0.731005	
0.635156	0.881508	0.738325	
0.630183	0.874833	0.732623	
0.633416	0.858308	0.728910	
0.627455	0.847094	0.720917	
0.622447	0.842860	0.716076	
0.617510	0.840780	0.712053	
0.610814	0.836962	0.706226	
0.608858	0.840325	0.706106	
0.608860	0.847789	0.708729	
0.620687	0.845008	0.715682	
0.599284	0.825863	0.694562	
0.582464	0.815332	0.679501	
0.563527	0.792915	0.658825	
0.561363	0.779843	0.652808	
0.561093	0.774081	0.650599	
0.554844	0.758499	0.640882	
0.555746	0.738848	0.634349	
0.539532	0.726177	0.619093	
0.547043	0.744908	0.630824	
0.541631	0.741710	0.626074	
0.534029	0.749227	0.623584	
0.522654	0.720960	0.605996	
0.481888	0.692117	0.568180	
0.468433	0.689612	0.557901	
0.442068	0.640183	0.522992	
0.421759	0.616218	0.500773	
0.399781	0.590953	0.476923	
0.374325	0.558083	0.448097	
0.331006	0.526966	0.406607	
0.307098	0.488393	0.377087	
0.268685	0.433809	0.331840	
0.243590	0.414228	0.306777	
0.211923	0.376377	0.271164	
0.191251	0.340851	0.245021	
0.169966	0.312286	0.220126	
0.164648	0.310050	0.215080	
0.159248	0.312030	0.210874	
0.160077	0.303493	0.209600	
0.160078	0.303188	0.209529	
0.156031	0.302870	0.205958	
0.150116	0.306656	0.201563	
0.143636	0.295673	0.193346	
0.139953	0.292962	0.189418	
0.139270	0.305508	0.191323	
0.117899	0.263708	0.162947	
0.111414	0.260711	0.156114	
0.106267	0.255618	0.150124	
0.110643	0.280583	0.158704	
0.108979	0.285427	0.157734	
0.107674	0.278340	0.155280	
0.107253	0.282520	0.155481	
0.092731	0.260486	0.136772	
0.098947	0.283405	0.146682	
0.099921	0.283632	0.147780	
0.094924	0.264579	0.139721	
0.086134	0.273284	0.130984	
0.087091	0.294654	0.134444	
0.086654	0.291287	0.133572	
0.077250	0.296296	0.122549	
0.065713	0.262751	0.105133	
0.067104	0.293919	0.109262	
0.065413	0.290435	0.106777	
0.060442	0.294896	0.100322	
0.065555	0.306195	0.107990	
0.054971	0.291925	0.092520	
0.045991	0.222857	0.076246	
0.046166	0.230469	0.076923	
0.051908	0.254206	0.086212	
0.050756	0.239051	0.083733	
0.040984	0.223881	0.069284	
0.044615	0.200000	0.072956	
0.042347	0.222904	0.071172	
0.042945	0.238806	0.072798	
0.043595	0.230769	0.073335	
0.041859	0.218437	0.070255	
0.041763	0.230769	0.070727	
0.042471	0.240175	0.072178	
0.040258	0.222689	0.068189	
0.031923	0.188636	0.054605	
0.038110	0.233100	0.065509	
0.032209	0.195804	0.055318	
0.032576	0.199536	0.056008	
0.030904	0.184091	0.052924	
0.026387	0.162679	0.045409	
0.016994	0.115385	0.029625	
0.018223	0.125326	0.031820	
0.021991	0.104396	0.036329	
0.019829	0.119718	0.034023	
0.020257	0.125000	0.034864	
0.017350	0.105263	0.029790	
0.034351	0.198675	0.058575	
0.041811	0.239035	0.071172	
0.043545	0.236897	0.073568	
0.039208	0.206681	0.065912	
0.044227	0.235908	0.074489	
0.050388	0.259481	0.084388	
0.050867	0.256809	0.084915	
0.040498	0.222698	0.068534	
0.045331	0.217472	0.075024	
0.050058	0.265849	0.084251	
0.043580	0.235789	0.073563	
0.041445	0.215415	0.069515	
0.047145	0.237477	0.078672	
0.046562	0.245283	0.078266	
0.039031	0.211765	0.065914	
0.038899	0.219917	0.066105	
0.038779	0.229299	0.066339	
0.035881	0.207039	0.061162	
0.036932	0.206349	0.062651	
0.037522	0.191682	0.062759	
0.035819	0.179487	0.059720	
0.037050	0.195029	0.062271	
0.041126	0.194208	0.067877	
0.039223	0.189046	0.064967	
0.042429	0.198291	0.069901	
0.044413	0.223423	0.074096	
0.046578	0.220713	0.076923	
0.048938	0.239859	0.081291	
0.042068	0.177711	0.068031	
0.047943	0.212361	0.078225	
0.057153	0.264368	0.093987	
0.068207	0.279817	0.109679	
0.088398	0.332871	0.139697	
0.107052	0.356448	0.164653	
0.128029	0.392461	0.193073	
0.147208	0.389262	0.213628	
0.185104	0.442795	0.261071	
0.196907	0.426819	0.269489	
0.209769	0.447135	0.285567	
0.234168	0.470067	0.312608	
0.266716	0.485463	0.344282	
0.262533	0.466984	0.336110	
0.285002	0.470551	0.354993	
0.297163	0.497752	0.372149	
0.332338	0.496929	0.398299	
0.336735	0.525974	0.410599	
0.333333	0.527229	0.408438	
0.341634	0.497732	0.405168	
0.361283	0.512329	0.423748	
0.358082	0.499730	0.417211	
0.370239	0.501329	0.425926	
0.341219	0.459008	0.391444	
0.325692	0.448070	0.377203	
0.289098	0.421429	0.342940	
0.326500	0.480527	0.388815	
0.326054	0.465027	0.383333	
0.324824	0.468767	0.383741	
0.329259	0.472119	0.387955	
0.330542	0.478903	0.391126	
0.332268	0.477795	0.391960	
0.359611	0.467916	0.406676	
0.377818	0.510638	0.434300	
0.377738	0.521567	0.438151	
0.384135	0.521956	0.442564	
0.362457	0.512129	0.424486	
0.372749	0.514873	0.432432	
0.338299	0.481316	0.397330	
0.315020	0.474405	0.378622	
0.342477	0.489619	0.403038	
0.332696	0.484950	0.394647	
0.342481	0.492432	0.403991	
0.319588	0.478501	0.383223	
0.288130	0.474203	0.358457	
0.277121	0.462642	0.346619	
0.286969	0.484848	0.360543	
0.301634	0.491823	0.373935	
0.306031	0.493990	0.377931	
0.338235	0.510812	0.406985	
0.345174	0.529621	0.417952	
0.263258	0.464883	0.336155	
0.274367	0.488055	0.351265	
0.347285	0.577675	0.433787	
0.293527	0.509922	0.372583	
0.298997	0.534050	0.383362	
0.335883	0.588235	0.427604	
0.332560	0.579342	0.422559	
0.357777	0.617130	0.452956	
0.374392	0.629085	0.469417	
0.362132	0.621238	0.457549	
0.336759	0.612843	0.434667	
0.341373	0.607662	0.437158	
0.360748	0.629485	0.458650	
0.335406	0.573125	0.423166	
0.346002	0.628664	0.446346	
0.368218	0.641463	0.467867	
0.396396	0.669006	0.497824	
0.403627	0.699244	0.511816	
0.400785	0.690315	0.507135	
0.408498	0.711538	0.519022	
0.405387	0.708582	0.515723	
0.388566	0.722930	0.505455	
0.395784	0.718075	0.510302	
0.368056	0.690104	0.480072	
0.352357	0.710000	0.470978	
0.366937	0.740925	0.490806	
0.367339	0.762376	0.495790	
0.396939	0.768600	0.523513	
0.417522	0.764411	0.540062	
0.394188	0.674315	0.497531	
0.345503	0.681299	0.458493	
0.351409	0.625355	0.449966	
0.316052	0.599526	0.413906	
0.258427	0.498452	0.340381	
0.133715	0.276134	0.180180	
0.073887	0.175904	0.104063	
0.032843	0.070218	0.044753	
0.001222	0.003145	0.001761	
0.001255	0.003145	0.001794	
0.006297	0.017361	0.009242	
0.003778	0.010753	0.005592	
0.001248	0.002882	0.001742	
