    0.8478    0.9892    0.9131
    0.1989    0.9097    0.3264
    0.9459    0.9550    0.9504
    0.7282    0.9486    0.8239
    0.2401    0.9923    0.3866
    0.4173    0.9591    0.5816
    0.6939    0.5435    0.6095
    0.8669    0.2140    0.3433
    0.8744    0.8851    0.8797
    0.4622    0.8568    0.6004
    0.9136    0.9649    0.9386
    0.9032    0.9784    0.9393
    0.4754    0.9433    0.6322
    0.3785    0.9260    0.5374
    0.6128    0.9450    0.7435
    0.7524    0.9388    0.8354
    0.1880    0.8882    0.3104
    0.2211    0.9719    0.3602
    0.0504    0.8966    0.0954
    0.0484    0.8960    0.0918
    0.5589    0.9558    0.7054